1 8.10623168945e-06
2 5.00679016113e-06
3 4.05311584473e-06
4 4.05311584473e-06
5 4.05311584473e-06
6 4.05311584473e-06
7 4.05311584473e-06
8 4.05311584473e-06
9 2.86102294922e-06
10 2.86102294922e-06
11 4.05311584473e-06
12 3.81469726562e-06
13 2.86102294922e-06
14 2.86102294922e-06
15 4.05311584473e-06
16 3.09944152832e-06
17 3.09944152832e-06
18 4.05311584473e-06
19 4.05311584473e-06
20 4.05311584473e-06
21 4.05311584473e-06
22 4.05311584473e-06
23 3.09944152832e-06
24 3.81469726562e-06
25 4.05311584473e-06
26 2.86102294922e-06
27 4.05311584473e-06
28 4.05311584473e-06
29 4.05311584473e-06
30 4.05311584473e-06
31 4.05311584473e-06
32 2.86102294922e-06
33 3.81469726562e-06
34 4.05311584473e-06
35 4.05311584473e-06
36 3.09944152832e-06
37 3.81469726562e-06
38 4.05311584473e-06
39 4.05311584473e-06
40 4.05311584473e-06
